26794435
26752088
26387939
25662329
30166972
27060077
26683290
32659890
26266893
27010768
20495023
3319755
3541415
25986180
3742360
27605698
26348103
1889243
30170448
26861685
26698897
4920389
30252495
30163509
26100958
30334073
30176393
11026735
30402296
26363254
25964071
1929463
3287562
27110296
26985127
25921812
26580232
3878007
26311973
27119724
26425063
27024903
3168101
27038183
30295905
24773958
19944106
5912992
30331149
25958717
6874741
26862829
6786002
4739952
30122633
10574622
1866479
3011235
1866471
25986662
5350027
25815034
24751756
26213252
7065154
5045678
2353023
1907966
4920528
11525673
2051007
26930540
10741834
25864085
3025375
30318116
26325320
21937452
26925317
3649049
25820460
26302614
26799731
3066739
2334904
24753477
3231742
25887288
1866473
27622447
6390825
6390823
26366496
27133303
26709258
25827935
26862259
26942674
30238963
25723907
25937854
25821634
27140017
26931786
26393561
2138838
6873143
26575103
21318488
6560058
10777687
4202982
27045615
25900945
25934014
26636712
30269016
10463953
26366465
20376577
25754848
30282387
6311303
26787574
27195020
5300054
25726614
3718279
26280528
26884354
10577869
26277313
26926321
26611804
4864908
26607693
26662193
3364223
23761370
5989818
3395373
6517421
24753810
26260853
4237879
26683723
21937445
24404677
27092785
10831445
24405378
27102569
1652592
26374197
6850547
30327842
1978709
25716096
26628357
24719063
25812712
4873490
26340419
27624661
26883064
10574468
25829175
10741643
26290365
26270502
25773932
27202819
26891256
25786060
3718424
25779218
3227410
27198855
3168089
26606743
25853071
3592854
30468961
30159567
26588308
25790761
5322596
25717233
25798222
10808442
6844868
6890730
27140071
27663742
3077412
26885074
26419637
3075287
30221757
5308265
26426056
25977027
4218768
26411409
26289144
11529526
25917973
6791750
25745752
30423193
6534248
27191431
26394152
4023638
4922787
4202302
4917726
1858711
25710912
27024959
25870084
30377703
26920281
4840388
2336785
19899707
25884801
26309788
25807345
26334559
10485647
25662337
30170546
25814705
11589036
10533913
4889554
24697949
20645098
26416062
30299311
3569910
26816383
24847343
26816076
21360417
3821067
26430107
26147417
26726098
27074316
26336252
27615441
26614893
26378579
25797778
26667010
24721493
26790961
27185563
26879060
24879858
26835471
27113517
26804147
21441132
27119586
1966182
2997076
25895276
30413052
30164448
10437779
26698000
4268598
26304901
2131940
4824512
6537500
26313973
27059130
3792799
2973079
6973376
20438964
4301224
25814707
26593587
34805219
26602244
24852545
33417046
26715636
1578714
20470074
7046723
26352445
11606328
6982558
10755367
25805741
27163278
25911694
21352814
27110363
11510624
21349345
30181230
10491666
24745500
6985810
10512661
6307447
4915857
27166442
19965220
1863766
26647117
26284621
26259677
3804891
25858785
11624706
25798448
10047547
26752852
26761935
25823280
4286017
25980443
7059671
3233635
30257386
2133323
26654146
26264454
30424374
24750126
25662327
6082518
4212172
25765735
10807909
24847340
27065898
24827406
26942631
26290367
26301582
25882296
26934346
27668250
26774722
26182910
25824686
30171425
1793929
10594965
3789848
3804629
26667056
3071441
30362186
5323968
26322792
6874403
4135710
26874505
4881607
26035290
26425068
2129132
27202818
3269068
26761416
34875369
27019527
3068206
26774033
27053768
30292777
5327268
25890017
6879185
24875534
25708579
27180759
25849049
3016187
21817627
26061679
25895901
3592853
24843198
24815950
7054604
6011805
25919910
25929151
10440138
27135558
25808075
25812730
30394535
24743711
30175306
3274505
26811587
30235440
20471852
10605978
20378811
27109633
26021055
26290642
30211998
30146756
3205624
6011806
26336253
26928226
3097572
6981153
25890005
10727641
27031389
24529353
3610047
20435622
6799191
3596502
30183785
26354572
30210221
26797419
26786669
26728669
26685451
33436135
10432911
11598977
26384741
6549903
30211551
25801066
3703650
24735062
25779217
25983044
3289086
26658568
10604892
6395245
26910820
4746257
26266919
25724855
26320029
26331839
4151110
30170894
4305436
26235346
26688480
26842702
19971676
11625097
26615208
25920885
26942645
21324900
27088993
25932086
6057942
26310143
25698722
24879839
25881786
10604486
25723583
10763164
25805054
27615233
7051830
30210691
21941804
4191644
26346327
26966580
6875263
3289081
5319835
26946624
25750923
26611801
26426194
25975243
26748673
10590706
30140571
21327493
26416603
26744597
26848167
27073057
26727273
26259634
25862357
27107123
3771562
6874456
25746375
4896304
25769362
27107140
26996734
6558062
5908478
4876722
26094129
26303622
26219652
30196805
26992383
3642835
3914513
3743114
25823277
10535568
2244426
26996640
7054120
27073234
25849006
20451290
24750534
30208010
30257175
2998373
26997663
23997724
5422105
6532822
11584016
3041294
27114417
27594217
26586766
27003543
26584183
11803087
26588314
26753020
26389696
4914468
26654269
27149818
26630781
25994712
26909790
2132473
26752547
25825412
27625457
20326665
26849758
26742730
26354336
5977835
5153254
11502973
23232876
26759539
26430636
10455629
21349734
6722879
30467485
3793783
20505982
26999852
30246899
4848115
26290410
26644002
25792690
3071604
11524967
26691361
5384548
26639958
20388223
24751763
10757577
3578981
26910060
26729868
11443314
25831874
22266126
3434070
20266753
27081753
26654498
25907029
26354526
25837262
27027913
26630714
25793398
26887064
27172891
27068601
6533054
26649604
26838164
27191492
26640371
6846495
2049435
30263995
23775560
3338862
33400376
26826398
33425578
2063914
6860160
30331959
26972258
30312137
20513059
4826419
6538866
26696879
27114416
30128985
26992330
27186348
25798131
26661191
25865470
3993559
25853727
11810348
25849475
26947951
26363830
30181455
26930504
25928794
24860563
26794191
27597250
25908042
3731581
3025447
25818101
25843976
2338055
26628329
6124012
26816090
25777636
30293828
27623506
25804790
5194471
5964718
6984051
4319218
3101548
4822848
24736566
23788440
25954475
6126442
10467774
6386345
3412830
26611076
26430092
34863464
26581837
26339248
27602137
30419744
30271841
30271241
25995508
27166976
11537954
27166039
27016554
26588970
4176542
2158490
30353357
26725678
26581830
33418567
5323957
25826612
27109679
25709273
30402196
3445906
20258941
26289138
26694988
10537853
26004132
25761178
30304087
30135113
5996801
11526817
10606004
26269510
27087724
30329892
26363186
4271894
27069427
28427782
22265687
25845910
24695277
4097023
19957083
21339675
27202985
6129693
26311974
26836808
3279107
26266072
10484041
26811832
25838463
11614603
2363876
24751754
30259043
4769314
25872931
25738406
26929010
24987018
26741568
26602900
26106958
4811813
26236632
26683421
25782633
24751757
1972729
30299040
27052168
30446788
25794212
25786077
30376977
27103757
25774050
25966044
20020577
3143676
26915602
3279080
3001077
25870057
26235354
26333560
26607739
26816519
26662192
27157811
26727298
25858759
3036478
22939161
26410594
26871465
24743712
21937438
10344754
26633257
25785314
6040982
23331914
19973815
25842038
26606242
4817901
26359270
27615467
6557005
30385409
26387728
25849480
25787888
26813221
33428622
7064681
26741061
25875021
26794701
11502153
6536180
25728010
30198838
30234315
26994789
10604893
26910059
30230682
25857966
20278505
10598440
30371819
6007281
22715021
10726941
4136036
3530403
30249161
3813779
30200427
10545939
4926002
26298935
6873736
22265634
27001001
27002635
25926267
25955779
3179758
27042405
25823132
27089612
3036473
25827963
26592971
27621727
3077408
25858604
26614088
26088403
3006783
27008416
5153329
26995137
25835293
25850122
34460763
4160540
26435723
11584019
21339708
25755645
30458963
30384019
30345939
4807924
26602304
22623816
26916229
27000999
25945280
26415200
27114240
3737102
25823274
26888905
20513061
3217149
25823833
26788667
30209818
26427831
25911595
26760160
30167509
27000061
27179414
4206436
25938803
24397586
4924142
19899718
5317291
6080775
25809181
2028585
10561953
11610281
2209575
26367601
26952704
26356789
26339213
26316956
26945085
25760247
3993588
4154669
3230115
30232208
3642843
3878157
25845400
27069070
1950330
30446494
26776350
26797690
30410114
26596486
27018285
27176717
25794302
20452350
24702659
26345736
5327189
26718828
21350556
26665065
6872273
26717795
27039069
3882427
16475702
26389069
25845401
10793510
25831308
26274910
4724739
26863778
30345226
4301181
4014396
24753811
30225296
25977198
25885442
25444447
4256328
26711487
25932015
26612258
30346900
26778790
30299356
27119156
26898747
6037429
6424814
10833923
30433323
27624762
25862354
25894431
26858510
6845667
4735944
5262338
2303845
3546019
26351812
30241102
6019180
26946395
26815162
26766869
25757186
27073291
25924056
26323031
25951736
26284595
11502154
26718838
10746175
26857793
26416155
5364905
26357945
7916027
4927382
25697098
30394841
2159331
25796222
30306764
25788426
30464551
25859495
26796664
6312211
3606973
5980670
27015848
4051753
27083561
4942778
10485526
26827040
4249355
26815054
5502697
3178770
20438962
24697826
26662798
26794215
4724373
30357990
3604148
4804079
30442494
27135473
26219893
6846893
20277632
10438426
6984064
26600660
27193043
25812420
30145117
3754946
3928370
26815153
26125779
25881780
5996800
30181462
26895171
26674019
26703457
11577091
26773744
26140241
25966085
26786642
26309969
25933890
24716039
2131291
26844922
25855071
6013893
3078609
10571509
10773239
25817534
11600078
3895511
3992381
22266012
25845393
27090753
10748120
26898192
25809384
26594369
26972688
33464695
10833924
26394441
6952149
25812885
26985857
26591654
6991110
21332518
30377729
2028677
3104794
3681613
3606971
25880244
25827741
26657015
30352998
26337866
6782006
3217169
26844438
26810318
25955491
10440076
26362351
26761328
7051357
4942776
20444535
30143333
20274039
26818314
27160618
25897313
25839052
3933008
3569943
6537486
21359690
25757187
26660368
26868553
3769423
20514947
20444530
27622822
5397537
26935251
27088750
2131654
27040737
30405087
25887846
27121260
10766459
26798437
30157168
26304201
25777330
4206357
26775933
26322809
24741412
4847665
4707205
26718803
26995050
26266085
7065417
25858758
26648249
26801052
26863060
6041191
26984538
10727268
20515977
25713408
26391976
3718269
26425062
10477598
11584024
23055587
26345152
25747204
3012013
25945356
26685864
26899146
20452308
11516684
30390144
25907063
10827341
4058933
26801048
26384493
26764928
4004731
26603666
25766754
6730004
26785790
21359619
6827727
4917905
20416430
26990609
27093707
24700578
11808948
4843637
30206430
27034748
30288638
26564988
26979979
26806061
25830732
4944008
26968024
26279433
23856234
7003416
4967578
3732699
33418361
5967821
26298756
4116480
26877434
10453723
3148748
26888731
6142597
30329046
4066206
26762744
23774708
24879820
26657126
4904662
27017278
30183817
30486906
24736278
26701196
27025177
26445216
26598021
25900947
25882861
26425081
30458442
30458142
26816086
30318230
26946510
26323032
25713420
26586806
4133988
30371751
27000084
4767216
25917789
26282448
26949241
26958599
25850640
26473874
30241099
4798707
3819877
3711760
26877106
4116481
6828823
26271094
25984031
26846856
26802975
3074503
30256796
22733673
26853460
20443013
10546436
6393127
26602933
30304086
26351867
22266320
25940269
6803494
21263666
26420932
25956520
25850705
30344167
25953429
27201353
26605881
26220731
26876252
33393084
26758799
25881247
24860318
25726259
6887029
6738735
26861629
27072795
26220722
34892489
26887174
3592859
33459775
11501396
26314816
26839466
11620560
25775571
26737158
34660401
30166978
25880937
24827387
26461145
30482649
30283179
26905469
26850326
26677934
10450409
3077742
25872311
30161936
4718369
3804746
34800399
2131669
26367602
26334949
30441625
30242164
33444115
21937450
4812830
2998253
4706257
26433135
26831711
27133569
3264229
23126901
26775520
11498785
25994747
26935777
26811831
25908065
5244092
26766760
4707230
5965670
4896263
30209802
3820191
10807916
26653833
25823275
26220717
26900949
25783962
25856453
5990367
10772258
34855021
26897025
4913222
27611018
24759014
26708698
24325861
33424345
26661189
5967223
27011763
26910854
30232260
7155083
2364054
30156039
30390700
25846034
3073268
25964630
33401926
26235839
10484007
4301043
27150225
26787124
26985973
6839145
26415255
4858790
25884416
6870493
30210700
30198539
24723061
10576419
2997134
26691509
25851655
25908051
30454227
26341777
30329902
25958787
6021916
26393509
6873042
27121232
26650051
5360033
27615866
27089387
10540066
25750969
27053945
27615564
4323732
26704590
34670642
10792650
27020659
21941770
6880497
26307755
26704620
10487568
3078390
10573695
5154799
5360889
25753326
3179706
30305530
6729183
30198715
26612285
30192401
27114834
27145041
25732103
26873657
2997052
5290729
10759926
30327894
34802165
5377708
2153526
3606975
27037539
5993138
10467125
27624787
26220650
6973460
10539139
3566266
26740396
27180599
26603847
26276364
30327844
5364978
25834473
26527993
27594938
25966028
23011215
26663086
27195401
24752306
26710657
22992794
25840705
26356631
10562987
34896140
20388198
33441897
30227139
10741220
26882339
4082101
22523273
23048775
26920269
20257326
24718797
25978207
26385630
30269039
25962735
30488003
20277433
3792848
6985986
30310435
3023164
27176742
25752261
26698301
27018354
27199901
30209084
7051270
26796845
26651353
4709904
22557335
26800981
26615753
25789352
4888230
26616690
5327463
24751765
3329192
26999861
3626372
7065334
11627068
2303163
26757373
33404726
26437237
26410593
26287884
10810745
26358696
26342541
26828285
3742937
34814907
4059245
26754831
24695611
26022182
26707472
4133814
27598254
10743974
11601131
25742294
11443810
26280710
26000205
26803471
3236904
4221462
3148089
26752700
26899000
2567647
30158971
26391916
30143336
27074301
30378885
30156023
2994851
35135353
27016555
27592484
26743573
25855951
10831449
34785763
30390532
6527269
26703158
10561898
24325923
19938222
26793852
25700838
34930756
26279120
6729121
27070655
26784967
26277156
26961208
20388224
25835285
24750460
30231957
30238385
34854953
25800263
3927734
2072478
3041269
5908477
5364987
30364974
10748074
30290642
3212965
4328443
35230883
4905040
25846857
25899379
30327898
28514091
26813286
26895418
34889671
3237723
26650037
26215216
6875863
30401194
26637534
26596361
27167055
25798411
6869412
6985803
10439236
10508876
10877413
25879091
7065168
25905124
25766529
3819939
26329796
26946411
26798481
27102516
27163287
30291579
30428225
30479973
21327512
26967920
27036727
27040844
30372377
5989840
27666505
30331451
5951340
25945379
25960944
27605548
27041245
25728612
26330955
7056414
4913200
21766654
26315270
26821378
4280770
34786971
22220086
26636816
30244576
26322639
6900092
5968834
25978126
26299410
6855097
26647711
33435891
23712401
4246437
4202127
10549251
26581214
27059183
26666177
10484117
11627047
10563780
3205571
26652816
27602222
6829652
30289194
5924362
33218345
33446363
27179039
26386034
30137052
26345137
4914642
19951149
26322774
10509888
10001418
30442369
26282460
4832825
30159456
3927749
30486671
30403333
27663984
4824515
25881615
5349275
6869376
4164444
24298212
26657521
7564975
3231740
25824741
25976733
26805209
26411377
26907450
26100709
26374205
30196806
26235349
3736637
26815163
27077785
34937668
2336783
26728641
30200087
26101255
5996799
26905717
27068596
26859991
3073073
26389331
26353372
25789453
27073835
26615572
30290917
27109171
3654340
3014183
26389697
30234228
30395072
26376454
26389601
4917698
26836588
3072064
26877492
26684564
7051900
26752075
26803472
20501094
33417030
26416957
26425072
30481973
25774052
26322644
6010171
27041389
10546747
26958597
6878446
24743728
27041242
30122641
30163504
10756863
24284209
2028669
26369884
30317706
26635374
3990098
25944714
3792816
22523356
6985315
26469862
24298399
30184555
4891786
25831326
30376877
25754843
34930755
20513355
27119802
26954003
4821046
30450209
4925398
3660428
3602084
27126336
3041264
26614086
5977836
24851526
26279202
23750688
30391289
34462037
25760591
27607378
30188120
4312428
2147836
26177736
4099231
11443807
3578925
25819229
26845362
6796158
27073245
30255180
22263645
11611021
26285156
25837185
25900177
26435736
27132510
26087473
25864124
2083735
21350962
25849012
27200988
25945350
25953663
26944582
3569911
27088995
26899726
26414979
27087788
5968334
30390185
20514871
6984061
26087532
25851665
26951953
30182729
26322643
30249076
27094895
10527288
30242710
4861422
26705744
30206431
19964006
7564989
26616145
2325873
26323026
5327156
26324232
26636537
30335059
26313740
26793385
25806460
26862270
27666506
30476406
27187285
25865815
26302882
6146955
10521648
10733231
26718282
30201003
30156074
26877406
24867835
3036464
27197086
25792670
24325815
25908302
30353394
4230918
26770697
2977957
26263437
4303624
26805324
2033822
26634179
10791575
30156898
25704492
26956031
26830087
21815004
3168086
4304402
25822430
6886518
26340522
5028536
4078562
26748847
26939247
5923466
34608294
25706773
30257608
26754896
27620007
26677495
27186532
2010972
25823840
3230155
27180848
30283405
26997470
26921952
1921583
26756049
26837952
3094909
34431573
1819388
27133050
4237863
27012497
3780045
26356495
26438858
30204142
25752323
30472706
26820448
26808466
4906427
27195080
26640097
25778488
27011740
5247088
5993185
24888079
6894811
30263943
30360724
26628282
27107131
26375609
26874517
27019982
27108853
27099158
26671380
4917908
25762566
26421030
26611083
26923506
24839498
27080949
3267120
26890502
26184588
27047873
11443316
3626364
4190211
11505245
6041216
26818312
4861627
27617683
27016390
26759819
20515070
25876760
4896305
33379430
4843480
25823412
30255138
3217142
3578939
26871938
26882457
10741871
26357796
26392671
26729867
25958704
26809592
27040807
30337172
26838466
5996409
26921674
25972406
30337214
26683725
26820833
26644205
26348414
5919538
30384357
26088457
25300674
25768128
27608785
6714078
26868416
26277182
4185834
27056299
26815856
26588239
26427152
30175633
10877415
2174535
26704137
27148198
25833233
26605946
26220725
11610693
33476050
30345127
30272143
3532614
26954254
6837235
26876342
26886204
30307197
3415993
27075195
25837175
27199784
26387813
5286821
25853073
25753166
26362764
30304024
3808604
7065161
6083109
26825664
26963810
25792815
30232270
26575153
26908002
33475049
25850443
2227293
25856480
30357885
26715617
30194769
10487226
24695966
10566582
27040853
6894818
20278812
20398945
26389148
26637615
3090455
25742299
34926135
26984189
10558447
30394484
5262339
27064658
4822829
1985677
26322642
4848701
26969711
4191745
4830236
30221703
6080840
26781703
5322572
30327718
6558801
2974278
3026559
6110546
21871773
30223596
26323782
21356379
3036465
27192250
26955950
26334946
2147872
27042544
6738760
26747836
25813424
20644938
30219670
30207919
26263443
26981165
26765418
4935011
26848645
6518736
6070226
34777993
3614963
30367643
4126925
20514713
5346468
25861610
27039378
10439358
3024838
4287175
5387041
30174410
10539856
6126502
2157239
1889242
25936147
26662345
26258068
24751811
25736048
27037043
24827545
26419635
25958839
3017651
30454230
30331597
26957500
3268171
26385746
4845414
6129689
27011834
26020814
24321344
26951692
30135110
3610676
30309331
26811775
6558262
27045860
26715965
26358699
6221409
25831924
27186619
10527275
27036735
6965622
3836070
25815602
26670687
10439235
27098364
3731626
30414462
2117898
25733164
26813224
26020796
3338851
27603700
25899362
3642866
30317630
3012819
26754643
30464614
26344999
6558797
34909362
4839173
34787747
26169607
3431336
30181789
3262050
4195676
24297912
25912261
27153693
10545923
2364051
26956641
25789402
4894070
6742618
26384798
25830684
25815008
26865362
26961821
30194648
26616719
26334996
26596140
4246125
26702284
30167633
4830478
4135434
4202204
26871669
25937990
25851827
20506276
30310218
6771529
4707596
5353116
26722118
33441919
26662489
23398777
26263919
27155276
26336281
11226094
26359235
26384515
6872244
27119722
3582181
25890078
26935296
26822230
30163500
27186353
26957989
27040774
30145148
26756212
27042467
6430835
26637891
27092648
27617348
27099227
6873657
26810068
30488068
4843641
26974053
30175632
26586432
33415943
27045331
27038968
26989728
26219597
26707767
26427106
10759936
26754675
24904361
26731376
26748688
25767747
26969120
26892281
26603664
27072988
26661229
7065238
30395544
30139731
30364976
3874981
26604456
26254370
30391726
25851657
30232339
30183715
26878605
11226092
26806528
26679552
5355187
30246685
25945110
30322997
25805051
26746559
4132407
30395583
6539385
26976356
11510492
26627736
3387483
26971645
26219198
26351526
25815426
5155038
5265471
25937991
11499033
3868141
6721670
26607969
6759229
27089264
26721478
26279166
30151530
26746532
30163731
2275370
7152908
10608242
5360890
26665269
25711530
26281899
6875647
3157583
30157162
33392890
20470240
25870236
26279289
25938113
26862893
26378692
33459786
6984046
4728471
26972694
4718154
34879453
26585014
26788941
6064183
34431572
10439805
25719291
30174419
33393167
26677985
25811005
4896894
26575937
6873331
10736586
26869684
30255089
30258226
6013501
4804566
24324730
4742378
27621204
27199577
26897427
25728008
34875261
26914034
26297399
25958786
26301493
5031441
26680247
30368608
27161899
3097044
10546762
26734684
26012321
4824982
25830800
27610855
26528597
24700696
26946612
6518638
30243303
26689409
30181371
25821498
26653375
26287786
2999913
10568385
26972275
3628370
26799232
26382767
25931246
25728590
26607928
4173583
25919897
34795703
25889645
26671361
6722730
10566537
27043672
26954253
4888853
26783513
4156402
4035906
6788265
26954268
27194302
26679188
6753166
25944886
27069434
25955412
19899663
27050133
25778483
4935242
30219684
33468413
30212003
3671986
26771100
27021609
26412106
25917239
26282613
26661003
6538807
25847558
26705107
26828019
27073079
6714088
5416070
26628382
26820769
3143727
26993118
5250583
30168032
6794391
26390631
30176699
25804453
26932873
21334420
4301662
26289126
5384549
26589957
4195678
34806351
26647032
26785286
10760030
10617158
10774184
3026572
27098363
27097811
27170563
3279093
25798835
10549223
4707585
25851630
30257538
24883272
5413527
3269027
25773973
20283482
27012731
2368641
4727460
10763157
34835118
30204361
11500954
26342366
10493928
10535562
4718246
6845529
20470058
6390832
11577139
26245039
25774051
30143861
10508901
26382888
30450247
30259908
24532463
25885410
27097812
4179012
27062994
5157137
21354767
27050259
26793157
3262045
3652297
23774869
25763555
33381474
26696871
6874729
27042712
26271868
26670653
4840353
27194980
10453731
21345845
30228909
26329059
3864306
24839091
26365236
26969244
26596124
26946508
21328095
30272798
26694967
30484534
7015798
25965924
24860289
11540651
26934399
3680627
26876595
26938395
6796133
21759697
27603684
10537919
25884510
5151357
6436977
4812751
5958582
25738842
26895367
24753687
27024924
3543318
4850563
6778677
4832288
20502514
26720117
30140231
20429054
27035334
5326539
5407085
10767516
26704621
27594877
4082544
10759740
26997533
6874354
5262275
30221777
26678006
19976058
4135704
26356488
20426995
5446197
10745208
25818615
6053731
26825688
25772639
30272747
26287804
5301351
6129462
10763928
26848640
25984803
30258179
4816602
3792787
27182502
26869686
26200198
10756537
6753081
3011459
26385514
3217165
1972732
25862355
6989741
25890079
34973638
26389466
10792320
26729533
30488584
34807445
6068516
20266747
30361134
30183610
4934987
30452121
26133490
30183666
27602116
25830693
30261964
30194391
25817053
30464506
24732881
26970964
26352440
30207949
6957273
25928069
30474718
26087750
5344178
25894885
26616436
5919553
30188243
30176282
26923111
26340301
30349667
19976810
26315292
3914500
25866686
26764514
30163799
27075258
5392222
10744808
25790555
3321409
26858970
26675617
27097816
6514105
24875658
26366492
26940008
27092246
20472708
27621991
26610229
5977478
26781753
6041200
25718082
4189694
5908473
27039382
30366464
24882562
26581673
10563743
30167539
27098888
10733376
30371818
30214032
25777512
5294324
30394638
5258017
3796613
26976235
26754513
1298871
26667080
26282488
6308210
30135942
25804168
6872936
25840401
26278747
3837666
26359236
27157760
6097775
6284624
26977244
25943173
26438851
26646387
26800978
30337857
26718795
26287800
30246061
7154408
26937563
26842605
25811357
5294432
26605967
26309968
4919019
26974779
26842335
26897019
30269908
26387719
26170816
26994749
6982609
6738757
27063335
6078003
27144972
3071469
26869119
6717575
30322776
26635329
26964443
30291583
27062637
27101874
26842503
10563779
30329265
30182877
25932065
26279203
4913214
26295873
4291876
26705560
27099302
20438548
11584309
26273481
3000078
26639161
30373690
3732780
30435141
25986654
26770698
6402464
34454654
3652302
26901234
3213270
6781971
6874441
26382962
26614082
26328122
19955828
25835480
4202090
26878883
26145033
6957293
27037053
25881535
3402101
30188253
24873473
27055699
25884822
25703626
27008551
26411388
30335636
30372448
3001149
25850625
34446715
4215790
7065211
10792322
3927736
26946433
26740391
26147706
34436407
7163768
30442376
30327897
20514902
24875409
27034595
26827945
26794994
3699737
10794042
33387353
11636402
30222722
10755142
27147739
4913185
26581181
25821673
30267281
21760306
27196380
3777800
3095514
25972405
26426026
25884541
26420626
24845115
4180445
27119292
26823498
26803711
26271872
4062922
3213173
25834333
26806316
27104859
10429716
27080656
10581328
26979199
26297388
26352462
4313109
30391372
3078549
30211753
4014405
4943938
30374707
25942176
26691486
26836806
19945757
26887890
25705507
6006087
24843561
25741475
3346464
3073158
25717896
5044737
6905169
30257170
26665875
34887140
4134631
27081136
24857860
25884488
33457604
5416027
26722100
5916347
26691320
25977029
24859558
5279593
4924694
10833971
27176635
26999424
5324813
26365631
34951010
24869254
5262031
25811267
1428176
33377603
26827706
26685413
4751653
30223840
30387441
27195043
27129560
27604296
5975193
5256418
27149382
24867845
34801559
30446496
35174431
2363919
20285048
27065652
26301569
30291091
5919333
6436763
34852936
27160633
26660834
21355933
4078592
27157772
26636267
3824339
27003548
4922426
23043659
27012772
34930820
26661194
26779288
30463323
25890096
10748226
25884755
6518753
27621192
23116614
26877237
26302936
30304560
26747274
26050200
4888015
26588676
26951951
30481876
26595806
6518754
3263814
30172751
27036366
4723944
26599076
27202960
26258064
26266666
27073290
1389915
24743709
4074292
4917705
27086865
4317617
27045345
26668439
24470523
25713336
6794392
26608268
3036477
25826679
6037977
33422361
30157139
25845397
5318669
30334399
26815052
26356457
26702289
27147737
26791452
26749102
27006213
26614645
10549256
26955946
26894602
30331424
26761334
4100696
26677981
30163813
19973312
26719781
25780578
25917295
30299805
10793610
10800198
26692640
6313765
11612463
26884340
26147991
20374428
3005387
25777370
4217513
26261188
26352421
5401730
3147941
26322999
3103683
26384292
4118060
24758396
26584874
26808247
27145039
11625312
25884125
26609475
10465145
5985888
30411557
4176576
34925475
26633183
25900819
10586620
6895950
26700713
4086853
25821124
1428055
25809260
26906565
30181485
30373781
6866928
26705728
30327813
27043263
5403927
30301302
27600925
6855115
27186380
34906732
25767503
26891462
19969225
26322928
30438479
26428356
3026555
19967839
25899616
26719562
27046738
26865382
26375693
26389403
26663070
26798436
30294088
30409804
34845689
6874276
26958502
27191348
27083735
26920017
25787994
10796578
24705156
33385536
6710798
25912924
26703476
26715845
10453730
6560033
25727544
30479900
24532162
27205208
26581134
27598317
25899386
34454589
26952994
25794230
27017288
6873905
26372971
27887836
27115166
26995719
26928304
27066196
30258233
27042526
25841341
6952623
6126501
26680329
26292143
10569151
34800559
4828296
11503638
27108740
26979007
27664846
26715657
26761688
6804373
26269656
26956708
3238087
3213250
7051294
3346365
26974334
25970953
4935039
11776289
7056398
26733371
6748086
27596682
30377498
3750104
25834735
24698878
27107725
26949264
26372270
26806099
34955892
26801784
30255076
5386987
25975249
27046645
10745405
26816381
20438714
34614704
24522026
27026077
27150283
26574965
3749974
24859459
1949877
5028366
26355355
27028592
32496917
25823110
30394807
30179568
27605669
27046252
27047871
25881888
25890928
4709671
27129663
24702267
27002647
27185590
26163541
20515018
27704341
11520649
26713504
26743541
27062635
6521506
30187694
26421474
27150284
5395263
6425116
7062596
6039412
25788954
35204697
3212398
2210143
4154632
27186648
26784932
26287119
25900854
26724684
27621014
26994994
26546794
26725184
30299345
27097730
26280709
5041518
30426519
4075568
26707088
28510273
32567391
26259202
27079318
6080756
3927789
26868392
26815983
25840396
10563794
30208007
26577354
5044739
24859034
25845294
24713625
27186354
30441168
26381231
21770915
25812513
2133379
2996790
6123978
26718799
5374383
26363201
33404216
26061405
27188152
27042748
25819726
27611498
6869395
4017146
10456963
26675795
26859982
26677289
26723681
30301606
5316829
27182512
26772013
27195042
26896964
27015988
26923124
3284397
30201077
4921343
5361544
26011893
30301264
25843022
30337138
30402130
30306756
26425088
26887153
4326412
23424586
27186311
4883258
10604087
25708573
27034587
6886533
30133697
30222864
25851740
6126439
4804209
26784894
6013870
24859431
25891903
20256636
26876180
4901684
30195228
27145057
33401841
6021917
10450713
34809353
3775167
10480973
10733558
25742242
26738112
21765841
5153144
26830085
27185549
27199926
25731203
30399803
26758757
26801805
7000220
25975924
27040157
27615267
3120852
26428938
30170375
30357991
26386691
6753079
30338164
4883425
27073179
2081493
34840338
25838216
26326395
30304531
30220407
4249704
5975464
26923099
30409718
3637220
27094897
26653676
26808226
26581206
5910040
26582438
30294963
24307637
26253616
4319445
27091624
30362309
10342838
26853690
26918997
30408298
27131969
30454698
27008394
33427433
21485010
26715586
6870362
30423539
25843290
27062638
3401355
27038857
26258113
26387830
5937977
26995507
4907844
26258872
10577737
30150627
26564642
25899507
23025359
30267284
26261185
30122631
21871405
30299032
26322795
27144865
33447682
25846033
5683891
34835784
33446537
30390154
26951886
26688568
26252279
26966763
27006232
11598669
25837700
26527937
26304310
10527257
30333874
30403338
25898213
26388342
30194752
24756658
4849728
4079117
26341750
26877087
24872023
10774980
26869052
26717030
27080661
27040066
30489327
27041451
26654145
11520120
6128003
10549480
27005229
26416169
3003836
1981645
26720627
30271717
5320233
26776531
25907101
26971054
4817024
6900094
6041199
26279449
26277363
30207995
6844861
33413854
20558374
26613444
27102542
26905456
5913028
10754780
27187063
4728873
33415922
26785137
26974993
26199926
22265299
30335661
24325798
27080950
3893805
4811807
5330387
5374152
25819704
33413766
26965165
21350559
27018296
26580936
30408061
10558417
26975855
26817018
10774666
30433391
20472857
34858500
21356399
30359003
6147308
26727361
27042749
34822629
30206427
26384793
24530045
26564735
30181454
3392569
26823502
25885415
26769480
30377497
27080657
25188219
26835911
25899516
20451307
24869471
20378794
26774772
26647163
30210204
27602117
26163480
25804684
30168028
3078514
26964434
4291275
4826776
27115758
26762709
25863940
6538697
25747028
26148830
27191494
22759660
23767433
30170120
26863096
26809007
26457368
26969673
6307506
26220759
30256006
3660130
30267930
26682195
25870483
10598277
6778650
30489287
27102739
26331700
26973198
26723677
26895435
26811778
21340202
26739551
4858775
27198145
26994752
22232939
27616436
26628380
26979545
26425522
6874283
24891524
24532993
30234319
24869803
5295610
25704577
25867546
7152895
10484601
25928763
26830647
25785227
30353441
30189817
2336735
27195119
27597015
3927750
30439557
30433272
10438503
4817018
5366708
27602185
21943062
20254219
25881611
25941842
30255232
27145024
26981472
25704580
5392061
27052274
30200070
5364952
30337864
4284085
6829665
26852954
10756709
26789755
26378801
25704588
25955694
25909566
30410095
4301285
26920842
26575848
19899700
25966185
6890469
25918677
25921830
6714930
6393366
10600271
26438888
1904722
30455611
30337831
4844731
26884427
30201281
30397901
10781865
30216753
20514845
27617334
27041364
25824755
34813643
22735748
27086870
26740384
26738204
26700276
27092429
30146843
26886270
26937474
4903613
27615398
26915507
26847445
6866815
26820836
26903977
34457952
30156227
26611039
27608262
25881781
27591302
26877848
27025029
26602234
11615927
27007669
26723680
33429434
26444858
26994912
26966609
5501711
20515071
27079327
3156117
2269893
6080772
24736526
26916202
27097041
26164817
26675245
25790749
10549253
26854273
27180952
25933340
25821622
30203507
10762817
27075275
25762261
25901415
30284884
3012053
26794795
25880986
26051523
25814668
34432283
6960858
27180356
27191173
6053679
4206477
25864698
26847068
11611136
26261184
26646360
30366084
26860031
26945132
24713882
27668223
21766698
3148064
24910035
10467770
3256172
27202953
5285669
24522915
30357985
25845586
26921827
27182719
5392074
5403958
25770124
25752329
24700535
34807388
27068899
27065129
25890358
26328109
26257312
30306597
25703454
26329065
4848610
25755599
6968180
26405572
30145638
26600786
26440017
24815502
7175256
3671995
30482651
26730644
27126359
19962576
30464821
24722875
10548265
20501030
25864719
22759752
24307625
5154496
4117274
30329153
26674023
26724807
26746958
35182891
26387804
30352947
26842687
27097784
27602135
21351469
26392858
10001432
25825320
30461660
19976774
26289459
25947610
30425880
24523680
24883815
6727307
10810336
25762404
3078753
26365022
24529254
30385361
23163938
4058963
26727942
10597950
26287114
25947426
26710394
26584103
26754624
26245360
25714127
27592573
5289186
30463396
25727048
30128988
5327224
26367579
34852199
30203343
30391241
27133913
26894593
25785807
5416075
26892564
3097525
26704623
10796577
21977761
6128025
26574948
26610786
10774066
26309191
3103186
4915854
26605913
26602795
26361479
26680597
26322972
26322637
5975197
25715111
26615510
30160347
34969130
27619800
21348822
3993682
4896303
26990819
26641716
25839662
5323683
26718836
26677958
30162520
26751899
27073039
30433802
3078384
26277361
3768185
30486465
26721644
27202765
2158222
6110568
24716045
5318665
26939218
26611891
26959074
26994321
30426944
6788517
3059389
10466836
26341137
26761325
10460270
26710402
26864181
26811780
11615886
26961333
30442251
26334993
5208150
25711819
26336727
34906688
6402151
27091593
26581251
30222889
27012899
25867544
11624690
10746430
10573507
4838667
5380919
6531219
26756258
6129642
4904026
30331440
5387015
19961072
27102546
5298995
25741644
26657439
25917964
32591373
30382674
20270414
3170961
10788846
27006086
26694497
30441160
26585909
26608206
27064923
10508874
10617168
26430195
26816372
34973562
24849982
25846032
30263704
10441174
26989670
30337815
33462537
30284874
19973780
26261192
30354762
26318596
30458438
4117302
26756220
3563200
25785224
11503382
30201000
1907465
34867940
4844903
34778280
27013111
6874140
6383498
4848096
26253733
27041677
27002371
5501707
27119570
27168151
3147969
26754618
25806507
26655961
23055586
27168792
5265182
5247058
26584087
7065120
26184109
3718782
3259973
27018299
3041298
26717812
26275494
6724955
5294326
25777784
3217166
33383642
34851172
7155005
30183061
27664635
27199776
26411217
26326703
20494548
30313855
34678128
25934367
27102557
25965950
26353874
30458008
27071217
26588644
26834930
30176268
4282653
24756472
5159993
30185415
4861408
25725759
3077734
6560928
26765233
25816274
27092725
25723905
33427589
27127793
3318306
25889465
3225261
27160688
30139659
25826239
26857170
26870196
26930056
25901395
33459814
2338070
5985871
26751930
27069412
27150264
26474112
27015984
25958867
25662591
21319204
27040825
24869824
27197468
30188193
30425483
27595272
21327518
20497559
30187617
6518721
27045442
34845780
35138058
30312425
26359260
26873005
26627746
10355329
5156574
35143073
26717811
26688574
26736410
5327459
21423616
3718273
26392856
26611090
3743049
26279353
26309618
20490940
25731805
26605028
26735048
30150641
30259071
4312232
26341049
25881595
28460045
25731554
10864706
27149755
3287715
5279575
6101728
26298220
26892558
26430706
30434902
26586671
20266428
23011206
30129008
34801957
21320278
30163820
30188466
27126713
4291272
26662168
26351171
26952576
5149279
6060652
26717012
20418685
22276795
26430114
3183490
11502889
25809101
3929374
4830500
25928048
24389792
10442182
26755583
26374586
27139348
4930393
22604659
30292843
34886500
3217878
25833230
26665435
4301659
26845247
30166983
21937439
30214085
3078521
26681656
6038071
30334122
34863241
26635323
27025637
10526498
27028934
3112738
3078391
25924935
3014399
10604227
20471829
6430838
26788605
30451891
10567489
26235257
5170652
26257313
24284844
26914297
4168733
30447451
25739362
10777780
2997094
6402119
26356321
1945750
25905892
27124861
26328483
26414254
26306980
25887265
34865529
30336533
26837951
26761978
10430817
30463904
6041222
4202983
3059403
20276520
26282453
25813411
11599168
30283308
10573499
26678599
25823637
30411559
6121141
25890082
3231823
5940763
5997157
10777783
26849308
6126441
1905779
34865445
4727962
26928125
26386434
5152333
11580479
4910200
27043957
30186562
26786662
10747855
26374696
26959115
27624665
3287578
26980859
27076492
27591668
21264218
3155971
3269019
33218430
4894075
27185558
19425128
5250341
25757716
30256767
10756499
24859095
26782656
26543037
26785661
6981146
25806698
6902345
2276989
4942779
34809725
26348218
26425075
3778238
26710108
26909787
27132180
25746519
7003297
10569133
25945367
4922850
27144868
25892252
27166606
5028328
10543906
7047323
25969201
6814906
30282871
25817712
6745433
25811030
26688575
30483639
6601382
25917236
27129755
25755608
26284955
26706957
26413839
26433965
26604675
27607255
25717817
10491649
27021883
4097466
34453221
30394821
22994672
11523504
10564052
27191829
26771140
30396679
3284396
10462705
26274810
25788052
2024966
30442415
26924069
2974280
4043647
21264315
6557030
26340323
5327474
25851628
26557880
25827129
26353862
3279069
26917393
27025987
30299309
25850442
26279128
24746974
25937856
30337147
27623043
33413905
25919961
27072838
4901335
4120583
3735003
6519403
3012033
5501708
11541282
5156137
6061437
30382373
3182856
26811367
26925532
35016531
7052437
26668750
1925058
27666627
3744561
4301056
10508878
27008562
30439272
27604258
27192784
30318524
21349048
30318245
26785800
6873085
26780534
23010202
25981077
2998456
10567506
21264285
26377033
3824500
26292071
30190607
30464852
6309377
27144867
22297118
34969431
34676682
19955955
27157676
27068887
27107624
30443615
6511042
27055607
30385359
25881067
27109389
20266598
6869414
5265135
4914656
10521893
10749985
26990725
34835822
22203896
26184352
6970906
26929084
27168189
5993155
6424135
26377047
20436812
26966778
21319853
4927336
26963232
5323881
26337355
26301742
10533890
27113986
34670959
26361631
26803993
3230121
5150245
25773294
10749958
30283209
25777785
2998376
3073647
25843199
26638831
34815429
3154908
6041221
11534824
10432181
26887031
2127789
10416189
26887169
25800269
5282434
5501712
26919823
6965615
30209086
6428132
25934361
7062227
26304217
34926605
26061902
30247400
3008256
1765014
4023433
26658194
27007975
10558252
6781967
3068193
33437017
26264595
34456087
26755037
30323188
4328442
27621184
26594013
26594007
3326747
10755697
22266898
5327201
24736299
33423785
30177286
30141676
6946772
25812640
3267195
25706778
24530628
30359005
5267375
34799342
19962575
6080748
21372183
30391333
34660675
25957232
26438933
6037981
26939903
30161289
20491393
26425002
20521014
30204413
27090211
25964199
26855528
33477284
4290704
3578920
30428914
10757580
3811356
10864754
25934349
30382857
26306652
6425147
22637441
30156101
6118718
10590080
3014557
3999549
10765742
26740543
5972036
30299355
30168156
26942569
26315728
26878881
7052383
4711343
26864413
30379982
33417965
27025631
25792608
6864262
26322801
4320237
26724235
5316733
10748092
34892447
3072185
6971315
3074533
21937449
6001229
25969461
26899030
25925764
2998340
26575145
24877502
30174393
25805197
27052289
25799475
5387021
25884712
25905649
30172818
30488016
26945135
10581908
26340302
10446625
25895257
25980265
26635987
33397766
26995545
4300641
6053347
26722331
26108385
10764850
7052636
25823469
27107691
25944282
26591649
20278801
6780857
27597020
30134551
24372055
35050870
6515363
24298333
10485481
10851241
10521670
26600346
26594004
30299386
30476829
6435936
26796646
26261086
27179713
26594009
30290776
30410654
4310059
26815984
26657440
10546007
25837230
30468769
26199888
27104373
26284956
10748492
21357362
30257615
26673947
25907088
30331965
26582787
25972494
26268574
26596158
25845985
10477734
25917896
30419673
5968450
4894074
34846495
33380005
33422523
35064279
30203557
26691373
26693314
27130415
26430663
27072640
24753685
19973828
30034295
27013174
4826409
26350389
26242647
30163821
30419063
33392790
26349397
5153874
3674181
27092645
21339392
25917221
26372271
25856435
26835829
10745399
6396294
26727891
26833099
26708876
30282596
27068118
4304212
20497905
30286112
26306606
26379657
26591650
27040109
6873824
1789492
26673872
26746381
26962614
30334118
11527491
26259644
24854896
30279172
5908527
27107766
26772644
26821253
30170801
6731985
35184580
10468424
10531201
3775163
25894468
3014200
26696639
3601176
4281535
3036472
26307785
30150635
26908497
26317786
24874401
26683287
26966758
26785580
10460153
26954690
26785583
26599107
5951292
27205132
1972738
6037517
3769442
26351532
34800651
27042413
26967922
1927366
30145655
30244174
6538590
30412189
30258626
6383536
30479817
24754090
21327494
30453031
26875265
27138613
26609126
3285073
24716033
4911596
25885962
26990268
34825511
30368414
26594010
26707077
27132728
26791465
3789921
30334970
25827399
30149864
30380316
30428030
26176503
4826765
25859593
30413123
33717523
30488222
6890746
3239906
26919051
25816252
26798463
26274988
25798808
26666947
26965189
6519585
26995881
26435918
35203449
26946506
27205492
2090699
34453831
25711544
26746536
5308199
23375646
30156995
26266605
34809304
6902735
26469816
3718460
26981958
26425468
3742987
26869124
3683594
26755982
4883300
5948606
26754734
25957570
10355625
10806395
6886525
3011484
4724586
26732299
6814992
6889533
5183361
3871780
26680659
26334234
30209395
30443614
4241887
4924799
3671938
26946197
26727369
27076871
27615439
4130238
6989758
4995724
3667102
3718237
26987999
10438585
30177684
26600330
26724679
25785124
24885205
25836152
26649889
26306939
10606003
34815865
27079210
26929038
6030607
26717467
33447595
30274899
34882878
34851173
20440456
26882440
6959177
4887437
26883072
25978320
26772006
30328825
27115485
26843352
23712710
28461121
10756517
26614200
25757061
27107273
26830966
25773361
26339228
3530407
26870080
26088326
30175647
3056302
6755223
4919151
30191950
27607386
30174535
30176488
26616708
26887170
26276362
3592845
25730893
30216460
25980207
27604257
33387265
33423926
7053723
27050878
25980210
25785884
11577177
6835009
30371824
27133264
30430698
25728583
27072788
34431599
23712558
30287729
6874137
30334584
30345300
3718678
11502912
26949578
7161698
30457664
22518875
25837721
3878247
10563107
25782827
24855035
30273082
26928838
26849690
4109918
27605696
27039398
5365963
26862905
27594919
26751897
21941106
30255175
26686502
27172872
24325493
26392843
10741865
30299388
25770733
4915122
26715618
10461368
26285777
33159421
26163644
6313287
11625731
26855690
10758223
11632599
33404178
34691522
33407591
5382887
26951654
30388339
4936770
26667083
6855849
20513060
10756728
34825882
35196514
34822085
26585785
34812442
34880378
26582661
19955789
25964104
6080698
27124864
26895960
26922992
5155169
26644595
26312853
10829828
4901698
26754101
26752777
24844958
5258869
4313160
26299416
25815000
3156086
4097121
30206287
10459051
6814999
26691500
4109909
20470260
26200549
26177147
25902304
26291909
27166414
26757830
26827787
4885994
26005643
26276385
26638885
30463393
4267948
26295857
3058964
26649221
26630827
4160524
25736564
33422980
5959696
10735399
21332535
25882279
19975328
24842277
11606327
26594405
26691317
27155250
25900851
4290915
26825658
30488819
30402148
26751961
26779555
27032656
26581710
10767523
3284392
26961874
19902983
30299400
25809902
5366672
20388674
30256024
30232211
11614470
3742979
6110557
26276359
10465148
25815727
25850802
6101716
20444892
26969054
26664423
25722262
2997029
25949984
27065128
30236340
26792576
26723915
3749943
34848600
30238958
26253586
26635328
4707935
27133565
26598291
26743601
30307237
4067195
5327655
26628352
4881678
11627124
25896953
20274105
26602855
11591789
30317275
25833913
24843623
25871648
26779337
27109879
30395519
26969672
30151984
25762403
26852090
10600877
25826647
20278806
3249742
26375690
27177463
27666624
4892634
26704433
34854789
3524289
26577938
27101860
10532705
27090711
30142420
27149791
26665976
2146939
4195568
26940400
19971593
33387158
30345709
6527291
25835479
11610450
6966617
11599151
10482421
30218533
25919911
5158364
20266418
25845413
30468842
30323166
26356055
26627747
10512944
30267317
30469287
27169438
25741300
34781590
30290872
30158830
27175983
30263955
21340764
20472818
10583863
34900792
30155226
27168417
35202753
34793436
33436435
34910522
30385397
26715548
27045950
5150232
5294292
30366357
25779156
26740508
26605863
26298852
5960613
26581719
26702265
4868719
34909286
30269402
10455078
25823663
6874460
26280940
6783744
25804252
6096710
25767853
27109435
24706561
20507274
30408645
25752331
27124863
24697552
30141372
27034725
26589257
5041486
27051028
34938649
4861395
27054071
26779571
30301095
30197746
5299169
26587708
26980376
19962556
26287034
26710940
26656866
3210534
26353884
3681128
26755367
3006767
11594900
26353895
24877015
30259734
4139833
25823111
26411219
24325794
24872861
26088329
26302610
27596261
26732500
10536969
6535907
4016479
24719134
26929074
24748605
26841073
30428906
25761564
33418492
25775073
26726814
26896962
26767358
3743063
27132709
26761939
25941964
26806719
26363212
21323275
26840738
25890081
6537490
5244089
5313246
26608943
33961421
25838942
26881692
10810269
25827270
24872943
24702626
6094971
27666671
30210095
25985467
3431735
5327216
21349301
30215029
26335560
26617507
25944273
26886203
33377652
25795311
2237848
33450305
26820840
3718493
6869783
30144221
30200414
26649272
6972876
24879770
27087130
26901393
26887073
5364967
26782004
24699556
6833841
26883664
25899335
27109556
21354138
10573438
25827325
25792649
25798132
30276392
26391913
30141329
25824534
6875265
26908293
25722131
27082461
26335586
35064767
30152413
3104205
6870692
27097890
26381453
30327914
5150254
26336316
26957177
26681568
10599639
2132924
25977801
26711092
30221628
30166706
30424308
30137082
27118338
27178959
26761247
27310086
26022027
6519514
20483435
30256028
26829870
34454652
26985147
35202754
33415935
30158485
30181750
26348796
27037451
26737926
33425521
26803826
27149822
25899455
20435612
25702678
10439912
5153875
27061972
34873104
30394870
11528256
27064700
14802605
25966091
26774016
26617062
26934285
10455077
25788661
3395437
3992966
27059142
27124862
7053288
5387025
19967840
26851837
4934988
10562402
3637237
27123688
4885998
6736369
5040981
26704857
5157533
27047917
25858718
4132395
5377120
3789917
26342011
26473775
25825755
33384985
27062662
30270306
6877524
10438581
7059561
6424132
26979347
25775579
30385430
30197489
6974387
26815182
2980581
20645052
3609001
26304161
20494466
26974615
27107189
30142045
21323277
19929592
22011074
6433906
25877782
10744165
3898745
26834772
27156537
21267670
27607136
26304164
4174181
30147434
26808248
6795226
26383904
3239892
27165059
26862250
27041467
27097818
30243520
26375417
20512940
26930564
21937434
10537891
25803933
10605440
6129701
24754783
6424025
6973370
3073202
26296905
3274508
10785529
11528266
6126445
26948060
27034868
26781663
10432910
27614362
26845966
5413813
26872478
4888575
5954497
26760445
26752087
2257738
3195759
25747030
10440057
34851342
25705349
3011328
5915794
7051805
26782713
11584143
6714084
27026494
30203549
24739179
27101749
30466625
26995787
20390013
25871647
26663084
30204446
20491678
26689410
10785530
6861618
24696717
5317308
6874365
26909507
27046372
11510612
26815381
6311983
3808583
26837948
30329126
30312783
4189695
5240540
11618146
25765830
26832720
6104783
4861404
4960204
30170213
26200657
30290143
3426848
26713424
4117296
23774748
20451112
6529885
5436043
27073173
30222762
26309892
6386983
10567087
26387741
33424111
20398726
27166148
5327071
34441095
26795237
5282464
26558052
6946773
25919529
25824853
10799213
26894538
30443744
25966045
25769243
27126394
27018236
30226042
11595220
30359008
25918676
30407554
30323242
20398974
26602966
26266924
26291341
20443799
34432337
26420435
30263962
25918626
25713540
26437676
10461302
26125842
26581128
30172324
30142112
33422793
26390475
26426078
26771029
30486811
34882998
26763132
25964082
30191791
30207836
25768089
25959109
26683008
11600098
25756345
3742981
24530625
27025158
26675621
19965194
34779875
30329154
30489360
26616292
11594934
27038936
3069363
4833562
26887055
6062521
24711890
33406890
24735122
30218116
33437056
25805036
30303548
26914325
3829499
6126506
10756638
34842217
26635950
26594205
27035601
25898409
34845738
26591730
6396709
25726658
10461324
26817014
3804617
30204085
24523811
24872188
27171125
25925853
5954347
3735153
25931245
27021143
25792792
4861405
3898722
30294332
26894886
26975458
6433903
27137150
25762270
24849703
6875268
26683352
26909515
26836810
26797712
26717074
26910316
6874014
26292234
5284554
20491427
3005603
3264009
26320776
26752997
25700812
27011008
3804436
4745364
4915135
27069377
3212991
4853478
25821506
3077735
34607890
30403235
26995538
10439245
6990208
6040997
19974285
34678234
25701866
10449606
10755171
11518990
21965450
27126264
26389173
30318233
30230592
30465929
24753712
4728342
26872550
25828520
26679181
26320890
34809339
34926177
34899601
25793388
3401751
5285675
26266745
10508920
20388696
6147186
30372746
26601224
34797534
3706862
25862279
26576551
27073254
6524283
6804360
30451884
27012900
26737565
25926732
26726597
26733260
26389659
10760042
26834059
26892831
20442985
30366385
27067947
4023250
10514806
30283389
30305574
27666561
5167754
26957144
3824344
26390973
30149773
2977956
30381710
24709327
26789758
30327877
27073202
24872197
26374898
19962668
25742254
25704408
5345423
26827641
26611968
26261000
6890750
34853055
30125997
5325294
11511025
24381046
30399864
26590030
30128971
19935911
30161300
34461560
26433855
5257199
35075422
27615493
25760611
24333957
25786190
33422519
27038922
26410269
27124569
34914989
30140252
20395292
25915878
26895987
26994997
26304200
10462906
30273446
26582428
27000006
25931422
10540062
19973396
5905818
25865840
24852541
11797272
11577132
26707481
5413819
26999992
33377346
33438459
30196759
6801386
26959749
34995265
4304302
7062607
21098725
27025999
26842000
25865768
23566157
26708697
10462217
26712750
30156087
3001540
34806929
26360518
26341155
24383273
27008414
4678480
3735147
26324170
30143683
21850464
30304539
5262027
7058117
19935789
26715795
26036657
19984570
3781749
30163822
21361009
26286449
26326696
3660570
5937921
4820427
26904440
26597852
26933684
26612685
20279569
26774768
4151284
4844730
20399271
26298805
26304159
30132778
30386910
24737161
26417028
27012010
10748493
30481893
26675324
27115492
24522312
25834457
4922405
4934992
10807171
4073771
5975341
19899628
26304160
24163523
10439911
30138039
26765288
26268673
26607530
27592569
26715198
27092455
26851893
26356584
26774315
11594901
27054108
19894195
22994673
30286724
26426348
10461726
26715549
27011478
10484125
25741337
26301744
26795140
26988868
26469827
26930690
6384752
27104330
6789721
11527998
25787208
30316976
26969047
21356476
35014598
6116514
25884479
26265099
25870671
10573447
5327272
27594473
26965693
24736504
25777350
30329143
27197321
5416009
5966609
6873176
25982461
26304212
34781114
10741647
5954958
34431400
22292934
20468389
25832821
5919563
6835291
26356496
26666953
27185404
26785297
26792094
25797404
26862688
3836494
6873148
26268587
4905028
26730826
26773625
26258796
30143761
27156513
24717053
26417545
6601390
27621448
26200601
33402218
25861680
25783409
27067697
3402068
25831828
5151788
26383902
27068886
26811467
26711679
24312950
34883062
30106824
26843367
26576995
25723078
5908479
26349410
10777781
6864436
26328112
21351847
26269333
26838205
26918602
27166413
4264700
26428577
25731191
24747316
26382797
25766672
24532238
6808947
26367890
26648419
26816017
30217826
26785812
26985527
6772963
20427592
30143728
10490166
30257439
30282504
3818565
3441046
10455649
26323407
30167152
27615874
30157751
30317647
3025666
25945408
5347114
26341047
3262935
26608723
23009942
20284815
27031084
30263969
21899475
3211468
21335963
27006898
26845946
26895406
25720154
26703849
30140092
5342818
27615930
3447563
11599239
25799040
20389691
3095510
3614990
30203870
5967799
25747610
6053684
6307966
26791644
30450590
30425788
27028732
33394375
26267714
6873766
3804835
26731589
26862055
7046520
6958992
27112845
30430701
34805221
30157327
26335853
25829264
27119591
30168054
27202822
25760615
26348847
26391915
30385354
27176614
6957289
26920071
24523683
10799506
25951377
24876455
6538867
10764054
26935308
26759778
30361957
3319767
26874872
6434464
26851564
25926734
26311976
27044258
5064521
27005338
24294882
26992446
30199575
5413785
26381227
27034688
26803481
21340793
30367685
27182499
26761308
27200580
26647365
26942844
26685114
26945850
30152169
6795529
10833654
26791450
26715485
26946404
22994771
26433985
27195090
5936247
26919567
27040759
34480683
30465870
26681634
25962732
25906938
6110549
11599147
26350129
24380740
26378797
26719140
26360998
33379584
5159370
20431599
27043702
25809316
30313854
10462925
24869399
6902933
5324771
6829216
26933248
26588737
4196245
4924698
5990236
5157906
26954859
26734005
3619865
3212318
10759862
25818840
26266005
20470243
3292058
25725249
26429936
26640841
34843168
3389591
26580523
3215099
20020915
25820655
23776064
4709563
27059620
26674742
34803018
3524272
27602054
20381371
19969444
25773919
26605865
4724628
27159651
26855043
26787969
25709727
25957213
26333445
26770364
34821869
27188116
27063006
25772380
6852646
6962981
26247311
5273303
24849708
34929846
10599965
30427460
10594977
27619771
26742283
26770363
26770366
26293742
25781851
34910511
19949264
26617076
24834226
26711223
19991051
26423194
3317128
26772204
25838926
4820429
5446217
5501694
27043729
10441164
27158256
26274967
21352136
33394682
6738712
24312921
27029565
27668245
10488535
24311267
27002092
20451348
26674342
4899486
25831674
26617430
24758366
30166790
26653282
33415963
3727603
26357441
24695953
26581464
30427478
22747237
30327768
30343361
34845519
30414283
6091390
25903761
25872913
6726382
5159187
30255246
26635375
26326702
4181108
25980249
4111408
27126335
26176832
26984516
26636130
10740299
26865177
24752662
26984196
25858762
26962841
30174426
28510423
24878423
25934696
26426054
33412338
25947689
10440063
4275444
5908859
4838179
22557483
34825959
5158650
25872196
25962521
26706109
25941015
26990219
25912128
11600075
25760580
30135924
25909770
26425530
10767685
26352138
30411582
10766234
26242539
26917121
6874567
20452442
6875412
21332449
27092551
10577975
5954626
24861117
19976317
26644833
26875251
26789025
6023509
25831286
25811988
30353273
5364951
25735493
25824753
6792369
25866213
26840354
25932468
30230132
25899692
3660583
2996625
4301215
10864713
4022126
26882533
26952963
26844480
26928161
25922036
5152343
26979057
26908337
26765844
27043989
26317748
27107144
26948747
30465921
26985606
2230893
2988509
26341048
6878468
25884874
27048402
27110359
26431439
11588728
26724826
4251801
27168153
30362491
30240344
10545035
26803321
26963024
27068684
27015087
27608249
33395014
33390318
3474820
10461681
26600428
30174425
26972266
26899251
25951743
7065137
10727042
5331284
27111063
26949428
7152897
24267680
30136653
25733874
25820603
26979982
25785556
5159495
26802286
10481115
6877688
34450648
26835907
26505034
26904441
25790755
10535571
4313237
26786106
26793086
24748587
26600422
26668501
26870057
26636166
25884731
4038174
26936006
30204527
34819537
30257393
27135946
25895278
5998916
26977362
26726589
25945491
25983951
26259638
26881627
27043939
27032669
25926731
27180933
25984795
30449064
26253902
20506382
23774847
25887266
10734527
22293372
34833681
4320236
3014952
3012031
4734756
30208005
20392195
26820689
25872566
3166582
30454314
26309418
30200763
21666889
24876460
26643904
30334111
26723369
6839133
27078038
27046748
3279134
26804729
30132855
26389640
4290934
3637228
30142649
30322398
3213305
27029491
25984076
26896916
6804364
4861420
25986178
26703793
30324775
26419389
33417936
30443680
26381819
3179039
26177916
11601820
26285780
25905136
10746136
21322037
33398472
26697529
10437605
26358025
30279883
22734960
6867553
26331927
11525690
27205121
26740218
26292833
26951716
25731278
30475715
30222482
30142419
26271105
26629328
30351446
34914969
26914824
30143335
30234268
26847920
26875245
30336030
24774042
4713984
21941127
6796891
10604950
33439913
27180883
26422724
27063305
26307627
3998369
6013868
23012028
26890667
26344993
26751902
10604186
6110569
4133839
6005532
24878198
4827536
26821147
26709673
30433278
26754880
30379943
27157793
33477275
30276523
30214071
30155436
30133761
30301263
35231919
30161301
26772892
30353804
30312821
27204480
30183647
30318018
27597111
33422561
35075395
34931814
26392414
30219133
30222585
6866594
27201642
35262068
33425520
25717552
26637930
27168693
30256023
25768090
30291567
34839082
30377925
25698399
25745350
24717241
26707476
26474124
27622772
34809305
30145945
25981128
6984058
10726973
21355801
26922993
25892164
21351041
26369859
30328981
34822490
27102775
27625671
30337031
25884819
34781681
24295164
26631582
30227504
20535848
33461070
33425864
25972272
34786761
30419576
5153883
25698193
25757182
3563177
6443744
20277991
25806428
30161287
11519164
10539514
27021694
6856067
10355645
10575206
4117426
6829661
4896275
26324889
26631964
10813805
25847374
26710344
26600403
6129704
20445157
27015983
34679696
27618202
10539605
25739193
25854832
27017811
10438582
3749948
4732901
3602096
26660864
25957493
25886459
30427294
4724642
26325241
26311798
26930121
5160257
5937920
25955489
5299006
1939174
22313102
26615513
26701206
24757622
6867540
4160422
26895490
6814932
26915171
33434840
4739986
10736432
6437136
10430826
3095502
25899439
5154951
6965624
27054262
20514416
20000079
25840012
26873275
26341094
26278483
6815028
25985465
26268702
6523690
25965036
30179888
24880304
26307094
26373176
27602503
26900391
4020991
10543625
25774757
6048838
6109756
4818392
26317346
5150365
27181795
10740231
27045413
4820428
24870665
5912979
6123859
30148257
25804441
25855063
26757075
24867949
27042408
25854525
26997969
26348782
27109267
25782698
30177281
34931791
4233625
6959179
3114117
10558411
5951271
3990145
22419433
25806118
26993148
26908287
26415096
30279394
6849039
10549943
23137386
27008600
26274316
6519580
30217466
33464455
30458947
25800837
21360431
25823076
25851625
25802710
10538110
26614201
5244057
26824014
26687238
6087770
26700120
25977062
13933566
26737455
25734062
25907205
26348785
27135967
27200835
5996407
5379974
11026347
6539431
6558263
21329877
26852163
4849720
21247916
26846057
34797400
5273308
26287803
26677970
6109744
26359779
7052637
27621845
6801423
24738223
20515031
6301361
6116512
25747280
26022253
3346417
11226073
27042414
22412070
27594852
26712793
6749659
26313641
27154665
5040985
27080660
26417548
26671931
25772420
26850271
26392855
25857346
33422789
34996577
26937840
1927364
1793914
25955508
20018144
2381879
6223838
26322749
26693233
26236759
30211824
26916153
26371553
26844205
11598830
27044262
26885087
4924787
24743761
24742719
4900088
6896277
5967755
5326543
3557490
3230143
26728682
25878911
27009748
19896160
27137127
25842340
25984893
24522866
25875053
25819722
27035437
10573298
26591460
26291339
6724669
26306630
25828538
22896213
3217150
3731625
26279175
21594944
5157788
5953625
24865658
26775546
26389835
19973416
25912267
25825574
11524913
3401239
26924108
11584264
27202946
30388383
26982978
26844993
26352320
34810984
24721404
26720473
30476575
30154535
26740510
30425392
27009398
25794042
34458481
6123780
30396314
10811221
27081350
26985706
34816831
6436787
3267046
10755135
27598256
25833441
34821871
24839508
25766522
10800169
27663808
26051524
4005199
26928551
27025094
34839475
26712057
3771564
11632715
26765407
25978246
34882881
10863217
26696566
10833757
20426962
27177459
30286051
26348784
4942465
25836143
6397225
24532099
10546814
20495646
30158840
6985815
26587723
34815926
6855105
26207024
27175974
6039190
26599089
25980476
26916598
26788584
26385739
20507024
5298987
6395191
26966589
21359495
25977058
23715329
4829033
5351755
25841320
7062367
26297389
5952590
26757919
19943993
25865681
26897547
27177907
6033062
26219191
26684270
26288187
26653829
26263844
30284699
26770819
25911460
26894598
4202537
30377413
3006416
10581376
11504616
10736563
6952646
3875184
10578312
10551894
30291548
4051876
24312588
26310932
27008105
25850645
26392200
21340775
30482890
27044878
20497363
27624680
26363276
26631187
30140568
26901235
3688345
25853129
26742766
30162754
26761205
4036367
20271845
30143859
25823638
21267622
27061492
26721672
26754064
24890590
33413559
26738920
27186355
26767680
26826126
6832334
6402121
26652937
20393779
7046937
25751623
26928561
26735282
30352696
11612409
26939226
26782088
30191951
6811867
26746733
30283653
27078017
30327569
25934087
27179696
26808583
26945859
4301613
10777678
3656884
30371772
26718085
26012598
25823145
30252532
26654614
25908941
26882439
26925164
25836137
30468984
30334077
26474323
6519582
27103212
30304251
25927387
11600988
33428759
25903068
24750968
27109553
26312147
4091053
30206294
27166047
23286078
5152804
30464850
34861255
27107555
27011454
26822127
30391734
26715786
25732611
26891065
30172442
26543144
27608317
27123729
20276953
4910177
26654300
4099520
24859895
27059067
21359360
30196875
30304044
26378669
4849719
4300639
30377032
27121729
26317352
24844960
27046734
26734566
4099444
27140417
25926733
3075999
24704130
3168094
3804728
26876254
26989213
6529890
26919074
30255082
34785746
27121234
33428142
26887898
34842248
30269400
30185236
5446221
34881021
30140044
3387688
22346861
25776178
26923951
6874415
27027799
26802833
25829320
26926452
26649225
27193311
26871439
25731086
26770362
26889617
27007793
26289449
25780555
3578923
24878180
26972130
27593939
26815315
26586695
3627307
26982681
26390625
30224745
26274132
20273820
26828241
30337116
26740218
20507027
34810952
26925547
5110302
27186155
3148663
26737543
30308410
25937932
26875248
25993067
30488635
27182710
26310515
30345265
26220733
26924738
26285762
26752778
30227467
34906677
26354096
30190449
24325876
30263928
26602368
26617291
10813354
26808505
30257396
5373274
30308750
26996753
26199884
27107604
28509615
27619798
26944909
34461528
33476046
26980266
26578007
27192298
6958594
30258092
10535457
25958791
34334447
6558248
6026247
10545947
30146980
26370966
10748141
22391842
26700845
26823872
4830197
26797707
34784798
34807467
4895036
6844887
25862407
30155226
34456060
30284870
30372397
3851822
30232732
24877008
26683051
26882309
25795451
10583890
25820627
27184309
30372290
10481124
30296766
26331917
27135563
26289125
26766405
26730276
26656564
33413636
34429008
30170910
30328937
34779820
34482589
27140091
27592600
30438060
34659905
34900019
30205510
34854938
30291509
26752992
30373792
30133761
30228967
30123914
30199661
30199661
34968431
30142111
34805216
34983343
27140142
35044539
34969429
26633005
30128112
34910527
30347540
35041357
26716348
25824585
30346043
33218482
30154755
33456313
27181026
30313632
26761622
35061154
30479917
34454091
35193535
27092214
35222675
35193537
26999960
34847335
27077472
35248685
35052290
25892102
27021257
26264388
30140054
34902533
7162149
26811898
33446692
30360151
27149654
25702328
7046676
26920178
26687580
5157309
6523906
26976388
33956233
30292834
19897564
26358768
30442351
27017277
30426857
30391288
5298994
